4279
362
3392
1943
2472
6376
6843
3513
5639
8228
9214
847
7825
5575
4549
694
7466
1895
5374
3004
8381
1233
1854
2885
1679
5616
2893
4915
8123
9706
2862
3616
668
8373
8428
6112
8653
729
8341
509
8433
6078
3943
9693
5818
4490
4934
527
8905
6979
1514
4561
8850
3516
155
5959
9394
692
578
100
1033
5683
7871
9658
8346
6969
1102
4978
7891
505
2396
2361
4276
8883
9122
4820
778
1268
8709
2375
8289
1396
3875
3747
9502
9605
2690
909
6177
2995
9708
4386
6211
1313
8793
4229
3287
9816
896
5730
